path=D:\document\杅耀\S5-D.stl
z=154.030609,95.279526
x=-49.866207,-14.974101
